vehuiah (вехюиах)
Даты:
 21.03
 22.03
 23.03
 24.03
 25.03
 09.01
 21.03
 03.06
 17.08
 30.10

jeliel (иелиель)
Даты:
 26.03
 27.03
 28.03
 29.03
 30.03
 10.01
 22.03
 04.06
 18.08
 19.08
 31.10

sitael (ситаель)
Даты:
 31.03
 01.04
 02.04
 03.04
 04.04
 11.01
 23.03
 05.06
 19.08
 20.08
 01.11
 22.03
 02.06
 13.08
 24.10
 04.01

elemiah (элемиах)
Даты:
 05.04
 06.04
 07.04
 08.04
 09.04
 12.01
 24.03
 06.06
 21.08
 02.11
 23.03
 03.06
 14.08
 25.10
 05.01

mahasiah (махазиах)
Даты:
 10.04
 11.04
 12.04
 13.04
 14.04
 13.01
 25.03
 07.06
 22.08
 03.11
 24.03
 04.06
 15.08
 26.10
 06.01

lelahel (лелахель)
Даты:
 15.04
 16.04
 17.04
 18.04
 19.04
 20.04
 14.01
 26.03
 08.06
 23.08
 04.11
 25.03
 05.06
 16.08
 27.10
 07.01

achaiah (ахаиах)
Даты:
 21.04
 22.04
 23.04
 24.04
 25.04
 15.01
 27.03
 09.06
 24.08
 05.11
 26.03
 06.06
 17.08
 28.10
 08.01

cahetel (кахетель)
Даты:
 26.04
 27.04
 28.04
 29.04
 30.04
 16.01
 28.03
 10.06
 25.08
 06.11
 27.03
 07.06
 18.08
 29.10
 09.01

haziel (хазиель)
Даты:
 01.05
 02.05
 03.05
 04.05
 05.05
 17.01
 29.03
 11.06
 26.08
 07.11
 28.03
 08.06
 19.08
 30.10
 10.01

aladiah (аладиах)
Даты:
 06.05
 07.05
 08.05
 09.05
 10.05
 18.01
 30.03
 12.06
 13.06
 27.08
 08.11
 29.03
 09.06
 20.08
 31.10
 11.01

lauviah (лауиах)
Даты:
 11.05
 12.05
 13.05
 14.05
 15.05
 19.01
 31.03
 13.06
 14.06
 28.08
 09.11
 30.03
 10.06
 21.08
 01.11
 12.01

hahaiah (хахаиах)
Даты:
 16.05
 17.05
 18.05
 19.05
 20.05
 21.05
 20.01
 01.04
 15.06
 29.08
 10.11
 31.03
 11.06
 22.08
 02.11
 13.01

iezalel (иезелель)
Даты:
 22.05
 23.05
 24.05
 25.05
 21.01
 02.04
 16.06
 30.08
 11.11
 01.04
 12.06
 23.08
 03.11
 14.01

mebahel (мебахель)
Даты:
 26.05
 27.05
 28.05
 29.05
 30.05
 31.05
 22.01
 03.04
 17.06
 31.08
 12.11
 02.04
 13.06
 24.08
 04.11
 15.01

hariel (хариель)
Даты:
 01.06
 02.06
 03.06
 04.06
 05.06
 23.01
 04.04
 18.06
 01.09
 13.11
 03.04
 14.06
 25.08
 05.11
 16.01

hekamiah (хакамиах)
Даты:
 06.06
 07.06
 08.06
 09.06
 10.06
 24.01
 05.04
 19.06
 02.09
 14.11
 04.04
 15.06
 26.08
 06.11
 17.01

leviah (левиах)
Даты:
 11.06
 12.06
 13.06
 14.06
 15.06
 24.01
 06.04
 20.06
 03.09
 15.11
 05.04
 16.06
 27.08
 07.11
 18.01

caliel (калиель)
Даты:
 16.06
 17.06
 18.06
 19.06
 20.06
 21.06
 25.01
 07.04
 21.06
 04.09
 16.11
 06.04
 17.06
 28.08
 08.11
 19.01

leuviah (леувиах)
Даты:
 22.06
 23.06
 24.06
 25.06
 26.06
 26.01
 08.04
 22.06
 05.09
 17.11
 07.04
 18.06
 29.08
 09.11
 20.01

pahaliah (пахалиах)
Даты:
 27.06
 28.06
 29.06
 30.06
 31.06
 01.07
 27.01
 09.04
 23.06
 06.09
 18.11
 08.04
 19.06
 30.08
 10.11
 21.01

nelkhael (нелькаель)
Даты:
 02.07
 03.07
 04.07
 05.07
 06.07
 28.01
 10.04
 24.06
 07.09
 19.11
 09.04
 20.06
 31.08
 11.11
 22.01

yeiayel (иеиаиель)
Даты:
 07.07
 08.07
 09.07
 10.07
 11.07
 31.01
 13.04
 27.06
 10.09
 22.11
 10.04
 21.06
 01.09
 12.11
 23.01

melahel (мелахель)
Даты:
 12.07
 13.07
 14.07
 15.07
 16.07
 30.01
 12.04
 26.06
 09.09
 21.11
 11.04
 22.06
 02.09
 13.11
 24.01

haheuiah (хахюиах)
Даты:
 17.07
 18.07
 19.07
 20.07
 21.07
 22.07
 31.01
 13.04
 27.06
 10.09
 22.11
 12.04
 23.06
 03.09
 14.11
 25.01

nithhaiah (нитхаиах)
Даты:
 23.07
 24.07
 25.07
 26.07
 27.07
 01.02
 14.04
 28.06
 11.09
 23.11
 13.04
 24.06
 04.09
 15.11
 26.01

haaiah (хааиах)
Даты:
 28.07
 29.07
 30.07
 31.07
 01.08
 02.02
 15.04
 29.06
 12.09
 24.11
 14.04
 25.06
 05.09
 16.11
 27.01

yerathel (иератхель)
Даты:
 02.08
 03.08
 04.08
 05.08
 06.08
 03.02
 16.04
 17.04
 30.06
 13.09
 25.11
 15.04
 26.06
 06.09
 17.11
 28.01

seheiah (сехиах)
Даты:
 07.08
 08.08
 09.08
 10.08
 11.08
 12.08
 04.02
 17.04
 18.04
 01.07
 14.09
 26.11
 16.04
 27.06
 07.09
 18.11
 29.01

reiyel (рейиель)
Даты:
 13.08
 14.08
 15.08
 16.08
 17.08
 05.02
 19.04
 02.07
 15.09
 27.11
 17.04
 28.06
 08.09
 19.11
 30.01

omael (ормаёль)
Даты:
 18.08
 19.08
 20.08
 21.08
 22.08
 06.02
 20.04
 03.07
 16.09
 28.11
 18.04
 29.06
 09.09
 20.11
 31.01

lecabel (лекабель)
Даты:
 23.08
 24.08
 25.08
 26.08
 27.08
 28.08
 07.02
 21.04
 04.07
 05.07
 17.09
 29.11
 19.04
 30.06
 10.09
 21.11
 01.02

vasariah (васариах)
Даты:
 29.08
 30.08
 31.08
 01.09
 02.09
 08.02
 22.04
 05.07
 06.07
 18.09
 30.11
 20.04
 01.07
 11.09
 22.11
 02.02

yehuiah (иехюиах)
Даты:
 03.09
 04.09
 05.09
 06.09
 07.09
 09.02
 23.04
 07.07
 19.09
 01.12
 21.04
 02.07
 12.09
 23.11
 03.02

lehahiah (лехахиах)
Даты:
 08.09
 09.09
 10.09
 11.09
 12.09
 10.02
 24.04
 08.07
 20.09
 21.09
 02.12
 22.04
 03.07
 13.09
 24.11
 04.02

khavakhiah (кавакиах)
Даты:
 13.09
 14.09
 15.09
 16.09
 17.09
 11.02
 25.04
 09.07
 21.09
 22.09
 03.12
 23.04
 04.07
 14.09
 25.11
 05.02

menadel (манадель)
Даты:
 18.09
 19.09
 20.09
 21.09
 22.09
 23.09
 12.02
 26.04
 10.07
 23.09
 04.12
 24.04
 05.07
 15.09
 26.11
 06.02

aniel (аниель)
Даты:
 24.09
 25.09
 26.09
 27.09
 28.09
 13.02
 27.04
 11.07
 24.09
 05.12
 25.04
 06.07
 16.09
 27.11
 07.02

haamiah (хаамиах)
Даты:
 29.09
 30.09
 01.10
 02.10
 03.10
 14.02
 28.04
 12.07
 25.09
 06.12
 26.04
 07.07
 17.09
 28.11
 08.02

rehael (рехаёль)
Даты:
 04.10
 05.10
 06.10
 07.10
 08.10
 15.02
 29.04
 13.07
 26.09
 07.12
 27.04
 08.07
 18.09
 29.11
 09.02

ieiazel (иейазель)
Даты:
 09.10
 10.10
 11.10
 12.10
 13.10
 16.02
 30.04
 14.07
 27.09
 08.12
 28.04
 09.07
 19.09
 30.11
 10.02

hahahel (хахахель)
Даты:
 14.10
 15.10
 16.10
 17.10
 18.10
 17.02
 01.05
 15.07
 28.09
 09.12
 29.04
 10.07
 20.09
 01.12
 11.02

mikael (микаёль)
Даты:
 19.10
 20.10
 21.10
 22.10
 23.10
 18.02
 02.05
 16.07
 29.09
 10.12
 30.04
 11.07
 21.09
 02.12
 12.02

veuliah (вевалиах)
Даты:
 24.10
 25.10
 26.10
 27.10
 28.10
 19.02
 03.05
 17.07
 30.09
 11.12
 01.05
 12.07
 22.09
 03.12
 13.02

yelahiah (иелахиах)
Даты:
 29.10
 30.10
 31.10
 01.11
 02.11
 20.02
 04.05
 18.07
 01.10
 12.12
 02.05
 13.07
 23.09
 04.12
 14.02

sealiah (сеалиах)
Даты:
 03.11
 04.11
 05.11
 06.11
 07.11
 21.02
 05.05
 19.07
 02.10
 13.12
 03.05
 14.07
 24.09
 05.12
 15.02

ariel (ариель)
Даты:
 08.11
 09.11
 10.11
 11.11
 12.11
 22.02
 06.05
 20.07
 03.10
 14.12
 04.05
 15.07
 25.09
 06.12
 16.02

asaliah (асалиах)
Даты:
 13.11
 14.11
 15.11
 16.11
 17.11
 23.02
 07.05
 21.07
 04.10
 15.12
 05.05
 16.07
 26.09
 07.12
 17.02

mihael (михаёль)
Даты:
 18.11
 19.11
 20.11
 21.11
 22.11
 24.02
 08.05
 22.07
 05.10
 16.12
 06.05
 17.07
 27.09
 08.12
 18.02

vehuel (вехюель)
Даты:
 23.11
 24.11
 25.11
 26.11
 27.11
 25.02
 09.05
 23.07
 06.10
 17.12
 07.05
 18.07
 28.09
 09.12
 19.02

daniel (даниель)
Даты:
 28.11
 29.11
 30.11
 01.12
 02.12
 26.02
 10.05
 24.07
 07.10
 18.12
 08.05
 19.07
 29.09
 10.12
 20.02

hahasiah (хахасиах)
Даты:
 03.12
 04.12
 05.12
 06.12
 07.12
 27.02
 11.05
 25.07
 26.07
 08.10
 19.12
 09.05
 20.07
 30.09
 11.12
 21.02

imamiah (имамиах)
Даты:
 08.12
 09.12
 10.12
 11.12
 12.12
 28.02
 29.02
 12.05
 26.07
 27.07
 09.10
 20.12
 10.05
 21.07
 01.10
 22.02

nanael (нанаёль)
Даты:
 13.12
 14.12
 15.12
 16.12
 01.03
 13.05
 28.07
 10.10
 21.12
 11.05
 22.07
 02.10
 13.12
 23.02

nithael (нитаёль)
Даты:
 17.12
 18.12
 19.12
 20.12
 21.12
 02.03
 14.05
 29.07
 11.10
 22.12
 12.05
 23.07
 03.10
 14.12
 24.02

mebahiah (мебаиах)
Даты:
 22.12
 23.12
 24.12
 25.12
 26.12
 03.03
 15.05
 30.07
 12.10
 23.12
 13.05
 24.07
 04.10
 15.12
 25.02

poyel (поиель)
Даты:
 27.12
 28.12
 29.12
 30.12
 31.12
 14.05
 25.07
 05.10
 16.12
 26.02

nemamiah (неммамиах)
Даты:
 01.01
 02.01
 03.01
 04.01
 05.01
 05.03
 17.05
 01.08
 14.10
 25.12
 15.05
 26.07
 06.10
 17.12
 27.02

yeialel (иеиалель)
Даты:
 06.01
 07.01
 08.01
 09.01
 10.01
 06.03
 18.05
 02.08
 15.10
 26.12
 16.05
 27.07
 07.10
 18.12
 28.02

harahel (харахель)
Даты:
 11.01
 12.01
 13.01
 14.01
 15.01
 07.03
 19.05
 20.05
 03.08
 16.10
 27.12
 17.05
 28.07
 08.10
 19.12
 01.03

mitzrael (мизраель)
Даты:
 16.01
 17.01
 18.01
 19.01
 20.01
 08.03
 20.05
 21.05
 04.08
 17.10
 27.12
 18.05
 29.07
 09.10
 20.12
 02.03

umabel (умабель)
Даты:
 21.01
 22.01
 23.01
 24.01
 25.01
 09.03
 22.05
 05.08
 18.10
 28.12
 19.05
 30.07
 10.10
 21.12
 03.03

iahhel (иаххель)
Даты:
 26.01
 27.01
 28.01
 29.01
 30.01
 10.03
 23.05
 06.08
 19.10
 29.12
 20.05
 31.07
 11.10
 22.12
 04.03

anauel (анаюель)
Даты:
 31.01
 01.02
 02.02
 03.02
 04.02
 11.03
 24.05
 07.08
 20.10
 30.12
 21.05
 01.08
 12.10
 23.12
 05.03

mehiel (мехиель)
Даты:
 05.02
 06.02
 07.02
 08.02
 09.02
 12.03
 25.05
 08.08
 21.10
 31.12
 22.05
 02.08
 13.10
 24.12
 06.03

damabiah (дамабиах)
Даты:
 10.02
 11.02
 12.02
 13.02
 14.02
 01.01
 13.03
 26.05
 09.08
 22.10
 23.05
 03.08
 14.10
 25.12
 07.03

manakel (манакель)
Даты:
 15.02
 16.02
 17.02
 18.02
 19.02
 02.01
 14.03
 27.05
 10.08
 23.10
 24.05
 04.08
 15.10
 26.12
 08.03

eyaël (эйаёль)
Даты:
 20.02
 21.02
 22.02
 23.02
 24.02
 03.01
 15.03
 28.05
 11.08
 24.10
 25.05
 05.08
 16.10
 27.12
 09.03

habuhiah (хабюиах)
Даты:
 25.02
 26.02
 27.02
 28.02
 29.02
 04.01
 16.03
 29.05
 12.08
 25.10
 26.05
 06.08
 17.10
 28.12
 10.03

rochel (рохель)
Даты:
 01.03
 02.03
 03.03
 04.03
 05.03
 05.01
 17.03
 30.05
 13.08
 26.10
 27.05
 07.08
 18.10
 29.12
 11.03

jabamiah (иабамиах)
Даты:
 06.03
 07.03
 08.03
 09.03
 10.03
 06.01
 18.03
 31.05
 14.08
 27.10
 28.05
 08.08
 19.10
 30.12
 12.03

haiaiel (хаиаиель)
Даты:
 11.03
 12.03
 13.03
 14.03
 15.03
 07.01
 19.03
 01.06
 15.08
 28.10
 29.05
 09.08
 20.10
 31.12
 13.03

mumiah (мюмиах)
Даты:
 16.03
 17.03
 18.03
 19.03
 20.03
 08.01
 20.03
 02.06
 16.08
 29.10
 30.05
 10.08
 21.10
 01.01
 14.03