вехюиах
Даты:
21.03
22.03
23.03
24.03
25.03

иелиель
Даты:
26.03
27.03
28.03
29.03
30.03

ситаель
Даты:
31.03
01.04
02.04
03.04
04.04

элемиах
Даты:
05.04
06.04
07.04
08.04
09.04

махазиах
Даты:
10.04
11.04
12.04
13.04
14.04

лелахель
Даты:
15.04
16.04
17.04
18.04
19.04

ахаиах
Даты:
21.04
22.04
23.04
24.04
25.04

кахетель
Даты:
26.04
27.04
28.04
29.04
30.04

хазиель
Даты:
01.05
02.05
03.05
04.05
05.05

аладиах
Даты:
06.05
07.05
08.05
09.05
10.05

лауиах
Даты:
11.05
12.05
13.05
14.05
15.05

хахаиах
Даты:
16.05
17.05
18.05
19.05
20.05

иезелель
Даты:
22.05
23.05
24.05
25.05
21.01

мебахель
Даты:
26.05
27.05
28.05
29.05
30.05

хариель
Даты:
01.06
02.06
03.06
04.06
05.06

хакамиах
Даты:
06.06
07.06
08.06
09.06
10.06

левиах
Даты:
11.06
12.06
13.06
14.06
15.06

калиель
Даты:
16.06
17.06
18.06
19.06
20.06

леувиах
Даты:
22.06
23.06
24.06
25.06
26.06

пахалиах
Даты:
27.06
28.06
29.06
30.06
31.06

нелькаель
Даты:
02.07
03.07
04.07
05.07
06.07

иеиаиель
Даты:
07.07
08.07
09.07
10.07
11.07

мелахель
Даты:
12.07
13.07
14.07
15.07
16.07

хахюиах
Даты:
17.07
18.07
19.07
20.07
21.07

нитхаиах
Даты:
23.07
24.07
25.07
26.07
27.07

хааиах
Даты:
28.07
29.07
30.07
31.07
01.08

иератхель
Даты:
02.08
03.08
04.08
05.08
06.08

сехиах
Даты:
07.08
08.08
09.08
10.08
11.08

рейиель
Даты:
13.08
14.08
15.08
16.08
17.08

ормаёль
Даты:
18.08
19.08
20.08
21.08
22.08

лекабель
Даты:
23.08
24.08
25.08
26.08
27.08

васариах
Даты:
29.08
30.08
31.08
01.09
02.09

иехюиах
Даты:
03.09
04.09
05.09
06.09
07.09

лехахиах
Даты:
08.09
09.09
10.09
11.09
12.09

кавакиах
Даты:
13.09
14.09
15.09
16.09
17.09

манадель
Даты:
18.09
19.09
20.09
21.09
22.09

аниель
Даты:
24.09
25.09
26.09
27.09
28.09

хаамиах
Даты:
29.09
30.09
01.10
02.10
03.10

рехаёль
Даты:
04.10
05.10
06.10
07.10
08.10

иейазель
Даты:
09.10
10.10
11.10
12.10
13.10

хахахель
Даты:
14.10
15.10
16.10
17.10
18.10

микаёль
Даты:
19.10
20.10
21.10
22.10
23.10

вевалиах
Даты:
24.10
25.10
26.10
27.10
28.10

иелахиах
Даты:
29.10
30.10
31.10
01.11
02.11

сеалиах
Даты:
03.11
04.11
05.11
06.11
07.11

ариель
Даты:
08.11
09.11
10.11
11.11
12.11

асалиах
Даты:
13.11
14.11
15.11
16.11
17.11

михаёль
Даты:
18.11
19.11
20.11
21.11
22.11

вехюель
Даты:
23.11
24.11
25.11
26.11
27.11

даниель
Даты:
28.11
29.11
30.11
01.12
02.12

хахасиах
Даты:
03.12
04.12
05.12
06.12
07.12

имамиах
Даты:
08.12
09.12
10.12
11.12
12.12

нанаёль
Даты:
13.12
14.12
15.12
16.12
01.03

нитаёль
Даты:
17.12
18.12
19.12
20.12
21.12

мебаиах
Даты:
22.12
23.12
24.12
25.12
26.12

поиель
Даты:
27.12
28.12
29.12
30.12
31.12

неммамиах
Даты:
01.01
02.01
03.01
04.01
05.01

иеиалель
Даты:
06.01
07.01
08.01
09.01
10.01

харахель
Даты:
11.01
12.01
13.01
14.01
15.01

мизраель
Даты:
16.01
17.01
18.01
19.01
20.01

умабель
Даты:
21.01
22.01
23.01
24.01
25.01

иаххель
Даты:
26.01
27.01
28.01
29.01
30.01

анаюель
Даты:
31.01
01.02
02.02
03.02
04.02

мехиель
Даты:
05.02
06.02
07.02
08.02
09.02

дамабиах
Даты:
10.02
11.02
12.02
13.02
14.02

манакель
Даты:
15.02
16.02
17.02
18.02
19.02

эйаёль
Даты:
20.02
21.02
22.02
23.02
24.02

хабюиах
Даты:
25.02
26.02
27.02
28.02
29.02

рохель
Даты:
01.03
02.03
03.03
04.03
05.03

иабамиах
Даты:
06.03
07.03
08.03
09.03
10.03

хаиаиель
Даты:
11.03
12.03
13.03
14.03
15.03

мюмиах
Даты:
16.03
17.03
18.03
19.03
20.03